111
400 200
400 200
400 200
400 200
400 200
400 200
400 200
400 200
400 200
400 200
400 200
400 200
400 200
400 200
400 200
400 200
400 200
400 200
400 200
400 200
400 200
400 200
400 200
400 200
400 200
400 200
400 200
400 200
400 200
400 200
400 200
400 200
400 200
400 200
400 200
400 125
400 125
400 125
400 125
400 125
400 125
400 125
400 125
400 125
400 125
400 125
300 100
300 100
300 100
300 100
300 100
300 100
300 100
300 100
300 100
300 100
300 100
300 100
300 100
300 100
300 100
300 100
300 100
300 100
300 100
300 100
300 100
300 100
300 100
300 100
300 100
300 100
300 100
300 100
300 100
300 100
300 100
200 98
200 98
200 98
200 98
200 98
200 98
200 98
200 98
200 98
200 98
200 98
200 98
200 98
200 98
200 98
200 98
200 98
200 98
200 98
200 98
200 98
200 98
200 98
200 98
200 98
200 98
200 98
200 98
200 98
200 98
200 98
200 98
200 98
200 98

100000000